01: 13, 14, 11
02: 14, 15, 11
03: 21, 24, 33
04: 21, 22, 33
05: 14, 21, 34, 26
06: 16, 24, 26, 11
07: 14, 31, 22
08: 12, 31
09: 36, 26
10: 24, 25, 11
11: 22, 23, 11
12: 13, 34, 24, 31
13: 33, 35, 14, 36
14: 13, 23, 31
15: 36, 11, 32
16: 25, 22, 33
17: 13, 24, 16
18: 11, 33, 22
19: 24, 25, 13, 16
20: 13, 11
21: 35, 14, 26, 15
22: 25, 22
23: 12, 34, 35, 14
24: 13, 34, 31
25: 14, 21, 36
26: 36, 11, 33
27: 11, 35
28: 15, 24
29: 31, 24, 26
30: 16, 26
31: 31, 32, 35
32: 14, 15, 11
33: 14, 25
34: 33, 12, 31, 14
35: 21, 13, 23, 33
36: 26, 33, 31
37: 16, 31, 12
38: 16, 36
39: 12, 24
40: 22, 15
