01: 35, 15, 16, 36
02: 15, 16, 11
03: 35, 13, 21, 15
04: 14, 31, 22
05: 23, 12, 14, 32
06: 13, 34, 35, 23
07: 22, 13, 25
08: 14, 36, 15, 21
09: 23, 24, 11
10: 35, 11
11: 14, 16, 11
12: 31, 12
13: 31, 21
14: 11, 31
15: 21, 35
16: 14, 34
17: 13, 36
18: 22, 24, 34
19: 24, 13, 12
20: 25, 22, 12, 15
21: 21, 12
22: 24, 33
23: 11, 26, 31, 14
24: 14, 33
25: 13, 33
26: 11, 13
27: 12, 15, 33
28: 23, 14, 32
29: 22, 13, 23
30: 12, 24
31: 16, 21, 11, 12
32: 11, 21, 14, 13
33: 33, 15, 22
34: 12, 14, 24, 25
35: 12, 34, 35, 14
36: 16, 12, 31
37: 23, 32, 11
38: 16, 34
39: 34, 13, 14
40: 36, 11, 34
