01: 11, 24, 25, 12
02: 11, 16, 21
03: 25, 36
04: 24, 11
05: 21, 25
06: 15, 25
07: 12, 23
08: 16, 31
09: 22, 12, 25
10: 11, 26, 31, 14
11: 22, 13
12: 16, 21, 22, 11, 12
13: 22, 23, 11
14: 26, 32, 33
15: 25, 23, 12, 33
16: 31, 12, 13
17: 13, 34, 25
18: 23, 24, 13, 16
19: 25, 31, 34, 15
20: 23, 32, 14, 15
21: 23, 36, 25, 35
22: 31, 32, 15, 16
23: 23, 31, 32
24: 26, 13
25: 14, 31, 22
26: 23, 13, 24, 34
27: 12, 13, 15
28: 15, 33, 23
29: 14, 23, 16, 25, 26
30: 24, 35, 22, 11
31: 13, 14, 31, 32
32: 33, 13, 16
33: 35, 26
34: 16, 22
35: 33, 31
36: 23, 26
37: 21, 22, 36
38: 13, 14, 15, 26
39: 32, 23, 12, 33
40: 11, 36, 23, 24
41: 13, 26, 14, 22
42: 24, 15, 13
43: 35, 15, 16, 36
44: 32, 11, 31, 13
45: 14, 32, 31
46: 12, 24, 33
47: 34, 15, 21
48: 26, 36, 25, 14
49: 23, 15, 25, 11
50: 24, 13, 33
